
Gurobi 6.5.0 (win64) logging started 05/17/16 00:18:11

Changed value of parameter LogFile to C:\Users\Rolf\git\cvar\src/../resources//parameter_bodge/gurobi_log_new.txt
   Prev: gurobi.log  Default: 
Optimize a model with 1 rows, 24 columns and 1 nonzeros
Model has 10 quadratic constraints
Coefficient statistics:
  Matrix range    [1e+00, 1e+00]
  Objective range [1e+00, 2e+00]
  Bounds range    [0e+00, 0e+00]
  RHS range       [1e+00, 1e+00]
Presolve removed 1 rows and 1 columns
Presolve time: 0.00s
Presolved: 140 rows, 163 columns, 840 nonzeros
Presolved model has 10 second-order cone constraints
Ordering time: 0.00s

Barrier statistics:
 Dense cols : 11
 Free vars  : 13
 AA' NZ     : 1.740e+03
 Factor NZ  : 2.836e+03
 Factor Ops : 5.748e+04 (less than 1 second per iteration)
 Threads    : 1

                  Objective                Residual
Iter       Primal          Dual         Primal    Dual     Compl     Time
   0   1.49946476e+09  1.08784651e+09  3.93e+01 9.96e+06  1.73e+04     0s
   1   2.55157987e+12  7.15228812e+08  2.30e+01 6.37e+06  6.15e+09     0s
   2   2.72034615e+12  4.51269995e+08  1.48e+01 3.82e+06  1.12e+10     0s
   3   2.00489927e+12  2.76488840e+08  8.46e+00 2.14e+06  1.05e+10     0s
   4   1.07602067e+12  1.67658032e+08  4.22e+00 1.10e+06  6.38e+09     0s
   5   5.45707237e+11  1.14838448e+08  2.11e+00 5.86e+05  3.42e+09     0s
   6   2.73670399e+11  8.85388306e+07  1.05e+00 3.31e+05  1.76e+09     0s
   7   4.75059537e+10  6.60026452e+07  1.89e-01 1.13e+05  3.13e+08     0s
   8   1.04389994e+08  4.26527989e+07  1.69e-03 2.27e+04  4.37e+05     0s
   9   5.74001315e+07  4.73103976e+07  4.49e-04 1.33e+04  9.23e+04     0s
  10   5.21604212e+07  4.84639790e+07  4.81e-04 7.69e+03  4.47e+04     0s
  11   4.59061535e+07  4.77675729e+07  8.83e-05 4.81e+03  1.66e+04     0s
  12   4.03812643e+07  4.68283571e+07  3.30e-04 3.70e+03  6.78e+03     0s
  13   4.20110401e+07  4.55259105e+07  2.07e-03 2.95e+03  1.06e+04     0s
  14   3.68629307e+07  4.28533123e+07  1.62e-03 2.32e+03  1.13e+04     0s
  15   3.62984635e+07  4.12367753e+07  1.48e-03 1.70e+03  9.16e+03     0s
  16   3.04996886e+07  3.91511972e+07  1.02e-03 1.22e+03  4.80e+03     0s
  17   3.11527129e+07  3.79511805e+07  8.63e-04 1.04e+03  5.50e+03     0s
  18   2.66659945e+07  3.59106946e+07  2.20e-04 7.43e+02  8.56e+03     0s
  19   3.18889626e+07  3.13846851e+07  1.86e-04 3.39e+02  1.77e+04     0s
  20   2.63346940e+07  3.13166286e+07  6.42e-05 3.32e+02  5.14e+02     0s
  21   2.72199470e+07  3.05299526e+07  6.29e-05 2.78e+02  1.44e+03     0s
  22   2.60947062e+07  3.04669258e+07  5.07e-05 2.74e+02  4.29e+02     0s
  23   2.67131048e+07  2.97231680e+07  4.49e-05 2.27e+02  1.07e+03     0s
  24   2.59397104e+07  2.96922560e+07  3.59e-05 2.25e+02  3.69e+02     0s
  25   2.60370527e+07  2.90760319e+07  3.39e-06 1.87e+02  1.23e+03     0s
  26   2.58350699e+07  2.87904228e+07  3.17e-06 1.70e+02  1.01e+03     0s
  27   2.57285485e+07  2.84282823e+07  3.00e-06 1.49e+02  8.12e+02     0s
  28   2.56688448e+07  2.77554702e+07  2.67e-06 1.12e+02  5.38e+02     0s
  29   2.56043151e+07  2.73730459e+07  1.89e-06 9.19e+01  3.56e+02     0s
  30   2.55832734e+07  2.71952155e+07  1.70e-06 8.28e+01  3.09e+02     0s
  31   2.55446889e+07  2.68386348e+07  1.33e-06 6.47e+01  1.94e+02     0s
  32   2.55494440e+07  2.68355406e+07  1.28e-06 6.45e+01  8.84e+01     0s
  33   2.55372485e+07  2.67426507e+07  1.19e-06 5.99e+01  1.05e+02     0s
  34   2.55077955e+07  2.58466139e+07  1.14e-06 1.87e+01  3.85e+02     0s
  35   2.54922707e+07  2.57346126e+07  2.21e-08 1.27e+01  2.07e+02     0s
  36   2.54842675e+07  2.55304697e+07  2.17e-08 2.22e+00  1.84e+01     0s
  37   2.54842494e+07  2.54865569e+07  1.52e-07 6.11e+00  1.39e+00     0s
  38   2.54841793e+07  2.54841984e+07  1.27e-05 7.59e+01  1.10e-02     0s
  39   2.54841807e+07  2.54841729e+07  4.26e-01 1.99e+04  6.84e-05     0s
  40   2.54841802e+07  2.54841729e+07  6.82e-01 3.18e+04  2.48e-03     0s
  41   2.54823796e+07  2.54841943e+07  6.26e+01 2.89e+07  1.14e-04     0s
  42   2.54823793e+07  2.54841811e+07  6.26e+01 2.86e+07  2.08e-03     0s
  43   2.54945395e+07  2.54641655e+07  3.13e+01 1.50e+07  1.04e+02     0s
  44   2.54957271e+07  2.54717685e+07  1.56e+01 7.73e+06  1.21e+02     0s
  45   2.54907959e+07  2.54779261e+07  7.81e+00 3.83e+06  7.62e+01     0s
  46   2.54876022e+07  2.54810675e+07  3.90e+00 1.80e+06  4.16e+01     0s
  47   2.54859198e+07  2.54825955e+07  1.95e+00 9.22e+05  2.16e+01     0s
  48   2.54850717e+07  2.54833666e+07  9.76e-01 4.83e+05  1.10e+01     0s
  49   2.54846467e+07  2.54837522e+07  4.88e-01 2.66e+05  5.54e+00     0s
  50   2.54844337e+07  2.54839455e+07  2.44e-01 1.33e+05  2.78e+00     0s
  51   2.54843273e+07  2.54840420e+07  1.22e-01 6.64e+04  1.39e+00     0s
  52   2.54842743e+07  2.54840902e+07  6.09e-02 3.32e+04  6.98e-01     0s
  53   2.54842478e+07  2.54841143e+07  3.04e-02 1.66e+04  3.49e-01     0s
  54   2.54842345e+07  2.54841263e+07  1.52e-02 8.15e+03  1.75e-01     0s
  55   2.54842279e+07  2.54841321e+07  7.57e-03 3.82e+03  8.74e-02     0s
  56   2.54842246e+07  2.54841352e+07  3.79e-03 2.00e+03  4.37e-02     0s
  57   2.54842230e+07  2.54841362e+07  1.90e-03 1.31e+03  2.18e-02     0s
  58   2.54842222e+07  2.54841370e+07  8.11e-04 2.47e+04  1.09e-02     0s
  59   2.54842220e+07  2.54841398e+07  1.41e-02 1.54e+04  5.46e-03     0s
  60   2.54842190e+07  2.54841389e+07  2.87e+00 1.45e+07  5.17e-03     0s
  61   2.54842230e+07  2.54841351e+07  1.30e+00 7.22e+06  6.04e-03     0s
  62   2.54842256e+07  2.54841422e+07  4.33e-01 2.97e+06  4.76e-03     0s
  63   2.54843922e+07  2.54841099e+07  6.36e+01 5.05e+06  6.17e-04     0s
  64   2.54843225e+07  2.54848014e+07  4.62e+01 2.02e+06  7.06e-01     0s

Barrier performed 64 iterations in 0.04 seconds
Sub-optimal termination - objective 2.54841793e+07

